------------phase2--------------

TP: 16
FP: 37
FN: 5
TN: 12
Accuracy: 0.4
FP_precision: 0.7058823529411765
FP_recall: 0.24489795918367346
TP_precision: 0.3018867924528302
TP_recall: 0.7619047619047619
------------phase3--------------

TP: 16
FP: 36
FN: 5
TN: 13
Accuracy: 0.4142857142857143
FP_precision: 0.7222222222222222
FP_recall: 0.2653061224489796
TP_precision: 0.3076923076923077
TP_recall: 0.7619047619047619
